NSGA2:[0, 10, 20, 30, 40, 50, 60, 70, 80, 90, 100, 110, 120, 130, 140, 150, 160, 170, 180, 190, 200, 210, 220, 230, 240, 250, 260, 270, 280, 290]:[0.0, 0.201, 0.2405, 0.44433333333333336, 0.41575, 0.6194, 0.6231666666666666, 0.5958571428571429, 0.794875, 0.7306666666666667, 0.7262, 0.8201818181818182, 0.84175, 0.699076923076923, 0.7957857142857143, 0.8631333333333333, 0.8164375, 0.9155294117647059, 0.7663333333333333, 0.8487368421052631, 0.86515, 0.7351428571428571, 0.8684545454545455, 0.8361304347826087, 0.8507916666666666, 0.82776, 0.8507307692307692, 0.847, 0.8293214285714285, 0.8614827586206897]
SPEA2:[0, 30, 60, 90, 120, 150, 180, 210, 240, 270]:[0.0, 0.30933333333333335, 0.49033333333333334, 0.6741111111111111, 0.61075, 0.6608666666666667, 0.7575, 0.6206190476190476, 0.7704583333333334, 0.8856296296296297]
